612345798547189263893276145125498637374561829968723451236857914759614382481932576
612745398547289163893176245236957814374861529968423751125698437759314682481532976
125698437547289163893176245612745398374861529968423751236957814759314682481532976
312645798147589263293876145425198637574361829768923451836257914659714382981432576
125498637547189263893276145612345798374561829968723451236857914759614382481932576
312645798147589263293876145425198637574361829768923451836257914659714382981432576
612345798547189263893276145125498637374561829968723451236857914759614382481932576
936857214247189563193276845625498137874561329468723951712345698359614782581932476
612345798547189263893276145236857914374561829968723451125498637759614382481932576
425198637147589263293876145312645798574361829768923451836257914659714382981432576
312645798147589263293876145425198637574361829768923451836257914659714382981432576
712345698247189563193276845936857214874561329468723951625498137359614782581932476
125498637547189263893276145612345798374561829968723451236857914759614382481932576
836257914147589263293876145425198637574361829768923451312645798659714382981432576
125498637547189263893276145612345798374561829968723451236857914759614382481932576
612345798547189263893276145236857914374561829968723451125498637759614382481932576
612345798547189263893276145236857914374561829968723451125498637759614382481932576
425198637147589263293876145312645798574361829768923451836257914659714382981432576
612745398547289163893176245236957814374861529968423751125698437759314682481532976
836257914147589263293876145425198637574361829768923451312645798659714382981432576
