123456789456789123789123456234567891567891234891234567345678912678912345912345678
123456789456789123789123456234567891567891234891234567345678912912345678678912345
123456789456789123789123456234567891567891234891234567678912345345678912912345678
123456789456789123789123456234567891567891234891234567678912345912345678345678912
123456789456789123789123456234567891567891234891234567912345678345678912678912345
123456789456789123789123456234567891567891234891234567912345678678912345345678912
123456789456789123789123456234567891891234567567891234345678912678912345912345678
123456789456789123789123456234567891891234567567891234345678912912345678678912345
123456789456789123789123456234567891891234567567891234678912345345678912912345678
123456789456789123789123456234567891891234567567891234678912345912345678345678912
